229141
6211486
9195072
7050687
4201141
1200994
2776714
8228609
2158817
4712048
8414573
5310794
8794958
2105115
2113504
7582069
5206839
7528255
8055555
2467184
9524739
4510763
5605320
640408
6116621
8713545
3908371
2884674
3019995
3564728
7650273
9947401
2167260
4516765
5307662
2716121
9432129
9910687
1658092
8465673
9926739
4807450
3468969
1698039
4254129
1906937
8104917
3799534
4116381
3608006
3076580
8481921
775779
7957998
7362913
5336626
3283391
8316796
789975
2294125
5738220
5914713
3322056
5886947
6282385
5551280
5087062
3375075
1045110
8813402
3190000
2886059
8686195
5951181
1167849
4700990
6658906
2548159
2540920
6123788
8557614
4460060
5462250
40125
925000
652939
7962222
3572121
6354894
4321203
9280065
4113229
1949796
9710483
2660204
3804669
3973452
4683420
3757903
3842753
6181748
8803476
7251560
3496411
814393
6232900
1236648
8619308
2632659
5829695
6870653
9532472
5039470
6340170
332108
9198498
5935153
8083718
468731
7565015
1412020
9144928
2054705
5160646
3720602
2200220
1776272
2474837
1045418
4984191
5437062
8711177
7594404
2977399
6844275
4230454
5714099
236388
1117388
3361127
3584500
4655663
4805507
5875411
1801034
8938019
4212504
9556007
3140504
56533
3961245
9165466
402243
5159004
6753056
2961477
5469903
1749069
7854659
9092247
3238920
1774912
1491821
2071285
5011771
4562777
9990546
4207174
1524359
994858
8850870
5048932
1629939
4051167
8679076
2174492
2943888
9446723
5571132
2924560
2150762
3064610
8126192
3104282
8263442
846181
3943293
5591939
7552302
2106597
4720591
2108119
910303
7181034
324887
90989
8309655
4689910
7394842
5343057
