97267209125545080607850656328991432782648901278653
8007002868137573892957279810370745487525555349087
60331209426916860823298747576296035908409874048440
39996811573920178093708954249062570272158885881534
25845405212872611526342288913497627791665780997892
56274305451754092914239125260581249972188249590224
3963645668615792845369907402418006769802357023363
61402897093852052377720256206359511687137694718978
4189452811874822075701019061655354061633871951577
53186894832664100455873671195102099856027973189140
27859860471578564388373065592968529021271120776293
88947282573215526987676166927394920482853077974739
16255890779326259653078692308326779527686447465488
25731782796765085602256251706537164811949145672175
33976131661118859426291055331270138238224390834301
19566676399187940284260839934205644139299858253533
24224105975219016052502112985886654481156254532781
7998304511754956538077146848087397499186396361005
51099323450186611099594773672845236182854730430432
26874576765276905583633770975459899367540213640752
35879960266718882485739340948002126669147266580475
36148250753071786573803429634015408613928836982339
58883622557128685843180988941582072151466266684619
53665253845985513822859717772351121151767140080129
51314159190817087033023603717073514555444269271841
36208249422682676329597902202219039973197592451161
28222285726171467609004271817771701746763544838758
86674931719547596056518201782239618197934914351175
35937684968836733991196576386731901009679171966207
8855470203192205302725965405804203613487458289895
7540492055692659228421784623280850493591405398117
86694014872082247120025596400074010516750809976874
29262951857922070371106325863209718830861394424768
27000329604320425043611986764614979662717941372909
44366848393634801812483181949391755192486446359924
10705979868972993996048199834665878810084093935232
10076639663451145796054469854877956755409355719653
52937566447002102125618327490252774977380904758245
98327913295931948420047597542211802870431530025493
96673558039826796451555389429274327774054379496407
45662358694631866535156320737659951551990353570278
50483551810428441925873174975191728530458535703008
57739416627269935754543213002832947966676500244204
20346965114839463209005896210321906651304548041657
56529081869140317772756617312756096587457797898066
84881273169973129200279942656273318076454416266140
11844792294633604722674188551514414769339862081376
58248112509240583908272859965136732633800351780701
74297972449829645720672368748580185955940424592137
949283338455997919387516164845769047124051932747
23193623427103904638862897257521755286532584980613
47587027694578001209836761218535227813119955005752
21340673622321530903975084153383038383493436690261
17578983778527997057337385034519508116677072486494
25667603032200190368410858961230897950999996613028
96361751263380367048077112865875553103841927321796
57240496519442447709528224557467819603576068658156
42196929475663759668758551956259477264764515997912
51675204068590534569007882043636854848766464892493
23939328600332769002597797634084791357926545555035
85308423981294663967878084163898546441543702959759
80090445775721418383492259080566215423011489569353
72178422993491785530276958806523469212582616655080
99395695356928891136827937559742540902609785891824
65210631827709136871147265918629687520888765883407
27615290187301352273354321741317703176900130271683
14870748728990031258127935336771634304557849802044
86864699980678110956188205230199600104300252955519
94084244248094858611340502492211092914036767598891
74097853058240494244184606830961189096563681849341
57099636481564511395800647099590473100757077041944
1459672629655753866972937725571681160647651964505
42084857444548894078611570490063213831476609712898
31011830658587419060047336728998117739568644585318
23901252143851867708380446512164364160019236331011
45978300118487559163857930294352411322913226091877
22566526981841187494535452404733203088903495025431
97369646649432576191865050121268468600118540453288
46206721020099481988819622245597999078637047340950
50215690489015281338324209641673556694358534537662
18366752404758854849821803027333741423123599207123
55934552334876671984917091048832220191188171891543
14720002495058290468257661415476877946717999604114
17200236628679334439923628429684610968014933188395
35131464898581655797137144908161418061555023484431
32091367818023038991939892726212575016806701230145
38526822601043967128232834647486787470854595333986
10763581241661377239134967851678326608931272064969
77102912642025285641158767069586310763901542702871
874971669481505671767054497683430969892112277613
78106666003068567016242431247935867288076929035664
45825614806555093619434656126482584587961936782344
28885742422875003641814802852544501158785022141795
73206689823253537691537426261824115946715658368246
91239234848124582188588876409603551927249275345760
33597361056992580952510036650800932826305888595300
73510946821917527184404092189548686495219541154467
65474072974545947173899263261730152735274456980104
55433060414089655673223536978674092893853524357835
59745776029823071888980971504062670858147422591826
85963560697210051527004086606994974285675838769706
78763620269730150097505422166078843671526262718927
99296333940816344217221186988180053320506670623407
37208759076273844506627530863342755010280400002900
61395348187018875433180401234487975211335349186254
47193371235011084163271866808142264255946318812514
65660062010129347807541427668324267362230071353820
14080492854361831107507840934892520424603370640848
98973142957944921356614745713644372781774367524592
82943579139060467067759530623429194370570973429190
11168253185194654506042081294065020441070118808065
78543944193757971276951906100196601553295333898183
55362209559220202216309952570149024433817655695287
70182244408858297014583172760912663416458737898523
25773064354041492955266931462758659817813656975699
95172935645319343920253457754760462570706390097044
24026872082180821172918073219867558720847468650953
21242118157441698345456343263768270326232703240325
79283605553056358917464162307283479592828545654685
87480382637626961263244630827329575674485274286320
79151611437241865545722119362331928750970844683497
32594521317019658222122103721979659491137323980682
43820285469868528433744943096880998256219655257999
43588712757106347896276827722320056082482912259139
42968688041638496538072412322370023115720923605724
71188513708020885612758807313072996913569948199359
30904371028886678856746015595009896953026354633589
82154348755982657351807531380532149059703122613602
96412880923547660453728220569386810484367230763119
1965051906920896381160416453604493759875365139779
72208412129401149726186349690474565857418026246742
35530843137106023417161639711927979927675155137058
42196208688591806087933665111231160693640348297038
93314348485328200829933381076077817452261386770125
45709433610631622108347509999746587964500018054813
433251049940766571932744676724471825813935833283
84761915388860984483059936621387116552793589628999
51668268848562756686013993816894297350686413581932
18293112533922443768808795054762367273658886338789
33287412213124206439060328612011109167718303894129
85892163629420011016947842125796967290369238017905
43171990437786986744239221058809092571737905574733
33297165389058297717863969920678817094269791615750
97531530077376420932709860331601791331323705465901
30513261191301364104250636300575968661867602141957
18783987354373267922672220848395789481265452286612
12497091537225355021980228674412286586851452539897
57549634937996767632280851206898725360809741431474
19764961571562973381753409096820538140801051649311
32277978667418023336231432501638015653052287808371
88181698837714508581530588457821846787933558404866
12710850049192755197733461429562307676136427361903
58054443989825089691908531850728506164810446909921
31840525120286075044786775303636882052856026708133
62771499706085324145712390276993502193237447102986
73906428824128034480308751464280862305402342428019
14668785820219119066748454014183871099433792374895
51118326579702720721240649402414651425828792238755
85166074224190932362792270671923800438428201776700
71274837149799529472706229566120895202966935089799
65604444555495021136599614847580072290706767206040
19369249812679626192007173825441290566832092351256
75793352297142302611163842599753275666082082306818
76373981521954208626903491841595547994892501313849
88960222947228339983878843008186031163848241145985
69488982341662126879765567294632849056383404568088
2352326012086283169736817239678089691336224802307
50378090826425727992165471576561691572615235030749
27824251014961328700185295915454038390938578925143
71950203439086153310043927244898335976573593131267
42890767815993227702931407898347036713031146013676
30469409701147835350438183415912656765255009016781
3081860953016318759840725930016553332735908585425
84060667445568928809438441904519427917633391340687
2909552327015439667834525890321275005448001444873
49058075868151004111475391604945373350241500195546
22394845507267490750172123100956593306727554898577
44293531113087317096832157529825370125059005536846
89881858474404594525978165944212287648249479025875
63930387122337916338990011124711006831914868109199
41738612413023840593157049850016794883955444699716
27875011211085720585146049587481579165319315270908
63515441722868771804048962583528300131996318641287
45746457415289558230772473164645434992950253802272
7940130771093467047395676991153862833922320772010
25090880826740464901169986254310900824823550480408
42271822753530652758498115699546055539250493068603
5323876732943264667542006832379230610944839343382
31488692250610487389091004472455750302655265279750
15959833234432566266742101560107423155473061587371
89554337738813031180095852834440000692680819319854
43277240410061427409662467322027621609714646124361
37091820015410737267127446744889293528448956921874
18121828160457923035410956530431057884200500028450
1521948427965100422678162345806989436001220427674
43489532315459868248554095963393885566172938002268
59678762626866683919546595351857022029813958937089
42413467172772171038679205257852012058110318586817
48412787330851617732783429701307337634236141465675
68127960170908764701943229105725749776226632533028
