Grid 01
090600000
300005007
010090620
070030010
900060200
000200004
008300005
600100000
000750030
Grid 02
071059000
409000200
000003000
040000008
926700300
000005700
800070000
060090005
000600020
Grid 03
802006000
030000040
000000000
240009100
080000090
000105006
000700504
360400007
700030900
Grid 04
502010090
000700001
008002000
080490200
000003000
094000350
950078000
000000010
000600700
Grid 05
009000782
040050300
070008000
130000090
900000006
000042800
000000450
000307000
010090000